c_adm = 3.315905856250792
c_agr = 7.999119935875109
c_con = 4.990862301437708
c_destchoice_dist = -1.2133350558039523e-06
c_destchoice_logdist = -0.3459718724121874
c_edu = 1.56439734634171
c_ent = 9.163274498936284
c_ext = 12.813390249649933
c_fin = 2.989450300772244
c_fod = 2.8900970423326044
c_inf = 6.306841797580357
c_med = 0.7823461279864237
c_mfg = 1.7294895553881398
c_mng = -1.1597781019874827
c_prf = 5.817320989791626
c_pub = 3.42617559871707
c_rel = 17.512418751979855
c_ret = 0.41851405072149844
c_srv = 7.5535563783997866
c_stay = 11.931383537530047
c_stay_age_18_22 = -0.8732777311148914
c_stay_age_23_29 = -0.9928297808137612
c_stay_age_30_39 = -0.5318996720416318
c_stay_age_50_64 = 0.1313373775354923
c_stay_age_65 = 0.35114606658526964
c_stay_child = -0.4046298483237486
c_stay_college = -0.18956612511313492
c_stay_dens = 1.3256865532972998e-06
c_stay_edu_college = -0.11773861957743931
c_stay_edu_nohigh = -0.06362286398175873
c_stay_edu_somecollege = -0.005521854333423407
c_stay_foreign = 0.23743120335655218
c_stay_hhinc_orig = -1.11023650594748e-05
c_stay_hurent = 0.0016229419994326665
c_stay_income = 1.7396678708655836e-06
c_stay_married = 0.6564163811979576
c_stay_mil = -1.4093195472180025
c_stay_origin_unemp = 6.535002942715316
c_stay_rec_child = -0.33214745487356584
c_stay_rec_mar = -0.5694937615942145
c_stay_rec_nomar = -0.6208799332767209
c_trn = 2.252259031711821
c_utl = 1.4479094925419276
c_whl = 1.3107798250327456
